3.000000000000000000e+00
2.620000000000000107e+00
3.009999999999999787e+00
2.280000000000000249e+00
2.706878589792682810e+00
3.040000000000000036e+00
1.979999999999999982e+00
2.413757179585363843e+00
2.783757179585364394e+00
3.089999999999999858e+00
1.719999999999999973e+00
2.142382801816095306e+00
2.525767326732676121e+00
2.862382801816095945e+00
3.160000000000000142e+00
1.500000000000000000e+00
1.897996553799028874e+00
2.277777473879987635e+00
2.627777473879987724e+00
2.947996553799027808e+00
3.250000000000000000e+00
1.320000000000000062e+00
1.682969750013677102e+00
2.046633663366340006e+00
2.396326103604839108e+00
2.726633663366339277e+00
3.042969750013676755e+00
3.359999999999999876e+00
1.179999999999999938e+00
1.497996553799028074e+00
1.835885892456652124e+00
2.174874733329690280e+00
2.504874733329689018e+00
2.825885892456651671e+00
3.147996553799027541e+00
3.490000000000000213e+00
1.080000000000000071e+00
1.342382801816094817e+00
1.646633663366339206e+00
1.967306493080250629e+00
2.289232673267330043e+00
2.607306493080248533e+00
2.926633663366339455e+00
3.262382801816094080e+00
3.640000000000000124e+00
1.020000000000000018e+00
1.213757179585363000e+00
1.477777473879987147e+00
1.774874733329689480e+00
2.083590613204969966e+00
2.393590613204969575e+00
2.704874733329688308e+00
3.027777473879986747e+00
3.383757179585363595e+00
3.810000000000000053e+00
1.000000000000000000e+00
1.106878589792681611e+00
1.325767326732675500e+00
1.596326103604838842e+00
1.889232673267330131e+00
2.188590613204969948e+00
2.489232673267329776e+00
2.796326103604837687e+00
3.125767326732675322e+00
3.506878589792681744e+00
4.000000000000000000e+00
1.010000000000000009e+00
1.183757179585363195e+00
1.427777473879987324e+00
1.704874733329690084e+00
1.993590613204970552e+00
2.283590613204970143e+00
2.574874733329689303e+00
2.877777473879985948e+00
3.213757179585363222e+00
3.620000000000000107e+00
1.040000000000000036e+00
1.262382801816094968e+00
1.526633663366339766e+00
1.807306493080250487e+00
2.089232673267330309e+00
2.367306493080250540e+00
2.646633663366339206e+00
2.942382801816092908e+00
3.280000000000000249e+00
1.090000000000000080e+00
1.347996553799028607e+00
1.625885892456652160e+00
1.904874733329689596e+00
2.174874733329690724e+00
2.435885892456651991e+00
2.697996553799026920e+00
2.979999999999999982e+00
1.160000000000000142e+00
1.442969750013677555e+00
1.726633663366339944e+00
1.996326103604839419e+00
2.246633663366339739e+00
2.482969750013677146e+00
2.719999999999999751e+00
1.250000000000000000e+00
1.547996553799028119e+00
1.827777473879987902e+00
2.077777473879987458e+00
2.297996553799027897e+00
2.500000000000000000e+00
1.359999999999999876e+00
1.662382801816094879e+00
1.925767326732675810e+00
2.142382801816094418e+00
2.320000000000000284e+00
1.489999999999999991e+00
1.783757179585363506e+00
2.013757179585363488e+00
2.180000000000000160e+00
1.640000000000000124e+00
1.906878589792682321e+00
2.080000000000000071e+00
1.810000000000000053e+00
2.020000000000000018e+00
2.000000000000000000e+00
