3.000000000000000000e+00
2.620000000000000107e+00
3.009999999999999787e+00
2.766541547952240165e+00
2.896541547952245832e+00
3.001111111111111285e+00
3.004444444444443807e+00
2.742222222222222339e+00
2.868888888888888822e+00
2.883270773976117418e+00
2.280000000000000249e+00
2.708401060833582008e+00
2.432943860378614875e+00
2.576114826233887989e+00
2.652224143590783623e+00
2.681318669418510936e+00
2.388888888888889284e+00
2.502222222222222570e+00
2.540876263106373933e+00
2.809096447196294921e+00
2.910001921368553734e+00
2.788374553129819411e+00
3.040000000000000036e+00
2.829448159567217846e+00
2.939610527045288801e+00
3.017777777777777892e+00
3.027777777777777679e+00
2.924209596439705461e+00
1.979999999999999982e+00
2.415274863627411506e+00
2.131251097620237456e+00
2.276641008202548555e+00
2.328619267803104798e+00
2.373488607557425745e+00
2.075555555555555820e+00
2.175555555555555465e+00
2.228016732295358793e+00
2.511018384292703853e+00
2.608873350694545401e+00
2.473391419615655007e+00
2.785274863627413389e+00
2.546467338769312416e+00
2.669800672102650374e+00
2.734428906250107261e+00
2.759907273181586795e+00
2.639892566954150865e+00
2.871266385335210725e+00
2.956397045580875904e+00
2.850058086282321490e+00
3.089999999999999858e+00
2.893307674869213475e+00
2.994584430953576515e+00
3.054444444444444517e+00
3.071111111111111125e+00
2.974683398962023606e+00
1.719999999999999973e+00
2.143764200466813374e+00
1.864571429462197560e+00
2.006078044509013836e+00
2.038390994220133035e+00
2.092821028121505389e+00
1.802222222222222170e+00
1.888888888888888840e+00
1.949482339270055986e+00
2.231452311741151107e+00
2.322017584547483082e+00
2.183041361421357518e+00
2.527874750411714277e+00
2.276962345425417755e+00
2.405119551354263141e+00
2.454614116734129770e+00
2.491997569782292921e+00
2.364678399515319995e+00
2.613108680893409641e+00
2.699058561178569793e+00
2.580343565386912896e+00
2.863764200466812238e+00
2.645119551354258469e+00
2.756962345425419514e+00
2.810906473436378672e+00
2.837007867296698294e+00
2.728011732848652837e+00
2.940598805899286905e+00
3.016168771997902898e+00
2.916374694754689134e+00
3.160000000000000142e+00
2.966078044509005807e+00
3.064571429462199958e+00
3.111111111111111160e+00
3.134444444444444589e+00
3.039482339270050737e+00
1.500000000000000000e+00
1.899300457771020190e+00
1.634074481837040071e+00
1.767412765661039886e+00
1.783687695804258455e+00
1.843324903440356488e+00
1.568888888888888777e+00
1.642222222222222250e+00
1.706849291381137945e+00
1.977599764955601191e+00
2.059115350092218133e+00
1.922893535591789327e+00
2.280042471593284326e+00
2.029077923054069199e+00
2.156152743850047848e+00
2.191684371500331796e+00
2.236983419792077044e+00
2.109007597124163969e+00
2.361071359555550142e+00
2.443767937174544436e+00
2.320034169031823801e+00
2.630042471593280862e+00
2.400415261044038573e+00
2.517081927710707046e+00
2.562656826063439475e+00
2.596626915111096334e+00
2.480980487998178941e+00
2.708094530903188524e+00
2.786128815944764803e+00
2.676700835698486713e+00
2.949300457771012240e+00
2.739486077183367563e+00
2.845744589720728968e+00
2.891337572314439441e+00
2.919821987177809497e+00
2.815674263790820753e+00
3.021102681218130304e+00
3.091465473582024615e+00
2.992893535591782506e+00
3.250000000000000000e+00
3.050746098994358224e+00
3.150741148503705791e+00
3.187777777777777821e+00
3.217777777777778070e+00
3.120182624714462616e+00
1.320000000000000062e+00
1.684250433069020669e+00
1.440182633434907711e+00
1.561854663641114804e+00
1.565371776264999681e+00
1.626667265445587596e+00
1.375555555555555642e+00
1.435555555555555696e+00
1.500741157224142697e+00
1.752597440072375834e+00
1.824288897009510579e+00
1.695187988254008404e+00
2.048930071386013463e+00
1.806654167368416442e+00
1.928405746532628751e+00
1.951997788869782813e+00
2.001763252350431177e+00
1.877836649945082259e+00
2.123832201764656258e+00
2.200913417217196688e+00
2.077706530254798345e+00
2.399042142221378349e+00
2.167761693274814494e+00
2.284539133236598296e+00
2.321222383211507534e+00
2.360802602320650312e+00
2.243609156735025589e+00
2.475247046765099324e+00
2.552333494322608587e+00
2.438386709460120816e+00
2.728930071386001188e+00
2.511205799903254654e+00
2.621095026608139200e+00
2.663135639439415225e+00
2.696054423986860460e+00
2.586942490068350864e+00
2.802874363461531626e+00
2.876442233314206565e+00
2.771039863588118823e+00
3.044250433069001893e+00
2.835072413199271502e+00
2.939987500701731093e+00
2.979844452565053814e+00
3.011486328961237913e+00
2.907836649945061414e+00
3.114445043223353249e+00
3.183149554042761231e+00
3.081854654920659353e+00
3.359999999999999876e+00
3.148521330307759936e+00
3.253515966768235401e+00
3.284444444444444500e+00
3.321111111111111125e+00
3.217407823890796603e+00
1.179999999999999938e+00
1.499300457771028938e+00
1.282815710123160979e+00
1.389560239778234507e+00
1.383687695804262763e+00
1.443324903440364126e+00
1.222222222222222321e+00
1.268888888888888955e+00
1.331238133648634969e+00
1.557622230342854186e+00
1.619264106739040976e+00
1.500746107714807875e+00
1.838185989656787811e+00
1.611169983685774243e+00
1.724368370767469072e+00
1.738480876577469303e+00
1.789687002425030204e+00
1.673320834442436400e+00
1.906059898447710843e+00
1.976321380956242768e+00
1.857701703693444006e+00
2.177788422394196122e+00
1.952016894032022831e+00
2.065348078707611723e+00
2.093818374329314835e+00
2.136689485582852210e+00
2.021876182006295597e+00
2.250157695237871458e+00
2.323957733620430233e+00
2.209787001833031006e+00
2.507788422394183314e+00
2.289080163367372300e+00
2.399080163367371732e+00
2.436179955842654454e+00
2.472379917460078680e+00
2.362074504049453516e+00
2.581133930027287526e+00
2.654929485440404857e+00
2.546453668499686795e+00
2.828185989656762267e+00
2.615348078707587121e+00
2.722016894032000867e+00
2.761876936511782343e+00
2.794948787336568152e+00
2.688542848672940355e+00
2.900798113536116940e+00
2.972925321021880674e+00
2.867701703693418036e+00
3.149300457771003092e+00
2.934368370767431955e+00
3.041169983685743983e+00
3.078152995627908783e+00
3.113177785898373795e+00
3.006654167775736575e+00
3.221102681218123820e+00
3.291465473582019463e+00
3.184079441048118575e+00
3.490000000000000213e+00
3.259560239778207524e+00
3.372815710123153288e+00
3.401111111111111196e+00
3.444444444444445086e+00
3.331238133648618316e+00
1.080000000000000071e+00
1.343764200466829317e+00
1.161350192134424253e+00
1.249708154593766274e+00
1.238390994220140318e+00
1.292821028121519999e+00
1.108888888888888813e+00
1.142222222222222250e+00
1.197917890792637108e+00
1.392448683425570488e+00
1.444266431622275970e+00
1.339411415362119495e+00
1.648930071386027096e+00
1.442340924951547754e+00
1.544373191415516988e+00
1.551997788869793782e+00
1.601763252350444589e+00
1.495744584214781625e+00
1.709654714289590371e+00
1.772726565114378872e+00
1.661739080273317182e+00
1.970274803513203166e+00
1.755209510974875764e+00
1.862514375892656560e+00
1.884283773353816693e+00
1.928233863948584093e+00
1.818683556333929197e+00
2.037792017674772360e+00
2.106978924921008023e+00
1.995847713590745087e+00
2.292462191709994546e+00
2.078050834546253611e+00
2.185511741566287469e+00
2.217344046084878784e+00
2.255519714952800125e+00
2.146971386779604085e+00
2.363297492730578764e+00
2.435121823862642199e+00
2.326744383604527844e+00
2.610274803513173758e+00
2.398845074899605301e+00
2.504717501212901709e+00
2.542534480476548620e+00
2.576680906563627804e+00
2.470304720112921348e+00
2.682678308393001920e+00
2.755394884464891447e+00
2.649181046924050875e+00
2.928930071385990708e+00
2.715847709225949203e+00
2.821876177641506445e+00
2.861615454003238579e+00
2.895210269845101436e+00
2.788683556333892533e+00
3.002874363461518481e+00
3.076442233314194752e+00
2.968405746939944301e+00
3.263764200466801935e+00
3.037706524748804870e+00
3.149007591618180335e+00
3.186488653844470331e+00
3.224670905647752495e+00
3.112411250881407909e+00
3.340598805899279267e+00
3.416168771997897924e+00
3.299411415362093258e+00
3.639999999999999680e+00
3.383041487927072932e+00
3.508016858801083604e+00
3.537777777777777910e+00
3.587777777777777288e+00
3.461251224125953652e+00
1.020000000000000018e+00
1.215274863627430646e+00
1.074209795389493571e+00
1.140058285232118607e+00
1.128619267803114390e+00
1.173488607557445995e+00
1.035555555555555562e+00
1.055555555555555580e+00
1.099610725995069149e+00
1.255350917880844186e+00
1.298118978407835078e+00
1.209974468041618456e+00
1.480042471593306042e+00
1.298011667892156051e+00
1.386700770741994715e+00
1.391684371500352180e+00
1.436983419792101868e+00
1.343628947135582896e+00
1.534246750550557703e+00
1.590498868431338142e+00
1.489486071677428969e+00
1.777788422394210421e+00
1.576942470849767908e+00
1.676453649281105296e+00
1.693818374329331355e+00
1.736689485582869619e+00
1.634428340722883455e+00
1.840312258254356070e+00
1.904458684341438612e+00
1.798681407676186783e+00
2.086915069521253940e+00
1.880304716412940280e+00
1.983476337132036749e+00
2.010630252165259257e+00
2.049461841214510471e+00
1.944717497512915783e+00
2.154214279334434323e+00
2.222746182967339390e+00
2.116809674165368804e+00
2.396915069521233566e+00
2.190369970261987209e+00
2.293703303595317156e+00
2.328301738522892794e+00
2.363103168223303463e+00
2.258780298836880807e+00
2.467239618992269179e+00
2.538408029943003630e+00
2.433476340832016582e+00
2.707788422394171057e+00
2.500143003798671604e+00
2.603638049746241467e+00
2.643347573230295566e+00
2.675867813809867268e+00
2.571384164179549181e+00
2.781133930027276158e+00
2.854929485440393933e+00
2.748681407676146549e+00
3.030042471593267006e+00
2.813120315947722272e+00
2.920275804183058099e+00
2.962721090653521294e+00
2.996468972772727390e+00
2.887761674056169348e+00
3.108094530903175112e+00
3.186128815944752279e+00
3.072819405010717375e+00
3.385274863627404596e+00
3.143367437408614240e+00
3.261345001225454343e+00
3.303674533963361526e+00
3.344239806769693235e+00
3.223628947135542155e+00
3.471266385335204152e+00
3.556397045580871108e+00
3.426641134708258818e+00
3.810000000000000053e+00
3.516724951898759777e+00
3.657543128722820391e+00
3.694444444444444642e+00
3.751111111111111285e+00
3.606277392661719094e+00
1.000000000000000000e+00
1.108401060833594798e+00
1.016566857864443563e+00
1.055003970351487519e+00
1.052224143590790639e+00
1.081318669418527501e+00
1.002222222222222126e+00
1.008888888888888946e+00
1.033170965173901168e+00
1.142206684027903707e+00
1.177685050959388580e+00
1.109448358517009403e+00
1.327874750411741411e+00
1.173225539432828812e+00
1.247009871198932585e+00
1.254614116734157792e+00
1.291997569782325606e+00
1.213133644581325443e+00
1.377101270507913977e+00
1.427738026222240775e+00
1.338452819731095644e+00
1.599042142221404950e+00
1.414313769356144501e+00
1.505053324151421013e+00
1.521222383211535023e+00
1.560802602320680910e+00
1.467081875735333218e+00
1.657291066953794800e+00
1.716824361904554452e+00
1.617872447351335063e+00
1.892462191710011066e+00
1.695407825136431290e+00
1.793411038024837145e+00
1.817344046084894194e+00
1.855519714952817312e+00
1.755746817787676717e+00
1.956079516300690324e+00
2.020880946001103240e+00
1.918845071199619001e+00
2.192024480187914737e+00
1.992113630895129939e+00
2.092032583406645774e+00
2.123119382311372760e+00
2.158139643545932351e+00
2.057036635653560097e+00
2.259250754657041949e+00
2.327563826755798981e+00
2.225365918015066224e+00
2.492462191709977848e+00
2.292032583406629520e+00
2.392113630895109644e+00
2.429769834889971225e+00
2.461635071856210111e+00
2.360369968986873790e+00
2.563297492730562510e+00
2.635121823862627721e+00
2.532178404532917870e+00
2.799042142221362717e+00
2.593411038024794113e+00
2.695407825136391100e+00
2.739046584126734629e+00
2.769513289175963511e+00
2.665746817787632672e+00
2.875247046765082803e+00
2.952333494322592511e+00
2.844539114017953452e+00
3.127874750411701932e+00
2.905053324151367633e+00
3.014313769356100181e+00
3.063293581777754238e+00
3.095990159396749597e+00
2.983748542401948978e+00
3.213108680893398184e+00
3.299058561178557447e+00
3.178452819731049761e+00
3.508401060833579166e+00
3.247009871198888842e+00
3.373225539432800346e+00
3.426573939848251094e+00
3.467762239583424222e+00
3.336466977914619658e+00
3.609096447196290747e+00
3.710001921368549560e+00
3.562781691850319010e+00
4.000000000000000000e+00
3.655003970351470066e+00
3.816566857864446938e+00
3.871111111111111391e+00
3.934444444444443967e+00
3.763170965173890270e+00
1.010000000000000009e+00
1.043335254701902359e+00
1.075763113862971965e+00
1.001111111111111063e+00
1.004444444444444473e+00
1.029837631840567980e+00
1.185274863627430841e+00
1.057543128722827408e+00
1.116724951898785401e+00
1.134428906250125380e+00
1.159907273181610243e+00
1.096115025183676206e+00
1.232391894511936314e+00
1.279775347560104581e+00
1.203133644581325656e+00
1.430042471593311104e+00
1.261345001225491425e+00
1.343367437408665266e+00
1.362656826063470827e+00
1.396626915111132572e+00
1.311786153064431248e+00
1.485666827655982125e+00
1.541913713431793953e+00
1.450415209068667943e+00
1.707788422394213468e+00
1.520275804183104373e+00
1.613120315947775607e+00
1.636179955842684164e+00
1.672379917460111498e+00
1.577872447351337248e+00
1.768455157196008098e+00
1.829964159397262424e+00
1.732413484454344621e+00
1.996915069521256747e+00
1.803638049746276728e+00
1.900143003798706154e+00
1.928301738522913089e+00
1.963103168223326866e+00
1.865511737866286879e+00
2.060897160089153246e+00
2.125917421323711753e+00
2.027036635653561181e+00
2.286915069521239463e+00
2.093703303595324083e+00
2.190369970261988541e+00
2.224806310212598781e+00
2.256452715644690521e+00
2.158699251348402459e+00
2.354214279334419402e+00
2.422746182967323580e+00
2.323703302320208941e+00
2.577788422394175605e+00
2.383476337132009792e+00
2.480304716412913724e+00
2.522186381619453854e+00
2.550677379418185620e+00
2.452178404532921352e+00
2.650157695237849609e+00
2.723957733620410604e+00
2.622413484454301447e+00
2.880042471593270204e+00
2.676453649281061331e+00
2.776942470849729450e+00
2.827469268987304662e+00
2.854555716544816768e+00
2.751205780684623292e+00
2.961071359555534688e+00
3.043767937174529870e+00
2.933748542401950488e+00
3.215274863627406443e+00
2.986700770741950173e+00
3.098011667892122123e+00
3.158664236448954554e+00
3.187947450067446287e+00
3.071786153064384628e+00
3.311018384292697014e+00
3.408873350694537230e+00
3.279800311247953459e+00
3.620000000000000107e+00
3.340058285232093471e+00
3.474209795389486377e+00
3.547985336085178520e+00
3.585557476924102982e+00
3.442781691850318904e+00
3.742222222222222339e+00
3.868888888888888822e+00
3.699837631840555918e+00
1.040000000000000036e+00
1.089730378914225861e+00
1.137933052001891321e+00
1.017777777777777892e+00
1.027777777777777679e+00
1.072944059328402755e+00
1.263764200466831689e+00
1.108016858801092352e+00
1.183041487927101398e+00
1.210906473436401010e+00
1.237007867296726404e+00
1.159974468041619744e+00
1.319462149278134211e+00
1.374761197569884796e+00
1.290295613802252772e+00
1.528930071386032541e+00
1.349007591618220037e+00
1.437706524748856296e+00
1.463135639439450797e+00
1.496054423986898696e+00
1.406152738344101039e+00
1.588262818773781504e+00
1.647800596693985931e+00
1.554428340722888047e+00
1.810274803513209241e+00
1.621876177641549344e+00
1.715847709225996276e+00
1.742534480476582548e+00
1.776680906563665951e+00
1.682014741009526082e+00
1.871741363276374193e+00
1.933906285658959057e+00
1.838050830846253314e+00
2.092462191710002362e+00
1.904717501212927155e+00
1.998845074899627594e+00
2.029769834889994851e+00
2.061635071856235069e+00
1.966809674165374666e+00
2.156079516300679622e+00
2.220880946001089651e+00
2.125446965503553276e+00
2.370274803513184647e+00
2.185511741566281252e+00
2.278050834546245795e+00
2.316128507881163756e+00
2.343963585498567426e+00
2.250143007498691894e+00
2.437792017674752731e+00
2.506978924920987506e+00
2.411384164179557477e+00
2.648930071385997564e+00
2.462514375892628227e+00
2.555209510974850051e+00
2.603356152249504785e+00
2.627151707662624069e+00
2.532014741009489533e+00
2.723832201764638583e+00
2.800913417217179457e+00
2.701095007389509917e+00
2.943764200466804315e+00
2.744373191415479418e+00
2.842340924951519021e+00
2.903650086458733792e+00
2.925017704833643428e+00
2.822819405010723592e+00
3.031452311741140715e+00
3.122017584547473579e+00
3.010295613802210113e+00
3.280000000000000249e+00
3.049708154593739007e+00
3.161350192134416037e+00
3.240155274224091997e+00
3.261952601136425489e+00
3.143307801374925159e+00
3.388888888888889284e+00
3.502222222222222570e+00
3.366277392661719325e+00
1.090000000000000080e+00
1.149502105331253077e+00
1.207265472565967057e+00
1.054444444444444517e+00
1.071111111111111125e+00
1.127917890792637934e+00
1.349300457771033690e+00
1.172815710123162658e+00
1.259560239778236612e+00
1.291337572314463111e+00
1.319821987177835387e+00
1.232744748695455916e+00
1.409775566647577083e+00
1.469541030128228787e+00
1.379077917548120480e+00
1.628185989656796728e+00
1.441169983685780531e+00
1.534368370767477119e+00
1.561876936511819247e+00
1.594948787336609053e+00
1.501739080273324367e+00
1.688728217798270315e+00
1.749344975059704543e+00
1.655350223000603860e+00
1.907788422394208760e+00
1.722016894032033729e+00
1.815348078707622825e+00
1.843347573230335490e+00
1.875867813809907636e+00
1.782514380257421482e+00
1.968455157196002281e+00
2.029964159397255496e+00
1.936971386779613669e+00
2.177788422394196566e+00
1.999080163367386920e+00
2.089080163367386778e+00
2.122186381619477036e+00
2.150677379418209689e+00
2.060077716937873671e+00
2.240312258254340438e+00
2.304458684341419872e+00
2.213638053446266074e+00
2.438185989656772801e+00
2.265348078707601243e+00
2.352016894032014083e+00
2.394900530615237333e+00
2.417617106687126149e+00
2.329181046924064802e+00
2.506059898447694945e+00
2.576321380956224871e+00
2.485350223000571290e+00
2.699300457771009132e+00
2.524368370767443803e+00
2.611169983685753149e+00
2.668429919017084373e+00
2.685331122203092225e+00
2.595072413606622774e+00
2.777599764955588579e+00
2.859115350092204633e+00
2.762411250881415814e+00
2.979999999999999982e+00
2.789560239778211326e+00
2.882815710123152630e+00
2.959487694788166756e+00
2.971724327553451950e+00
2.872744748695429617e+00
3.075555555555555376e+00
3.175555555555555465e+00
3.064584557459287151e+00
1.160000000000000142e+00
1.224798806915375238e+00
1.287769347884812454e+00
1.111111111111111160e+00
1.134444444444444589e+00
1.197904800315303220e+00
1.444250433069026673e+00
1.253515966768243617e+00
1.348521330307785870e+00
1.379844452565080370e+00
1.411486328961269132e+00
1.317412774381478746e+00
1.506258654355255855e+00
1.567464780202817876e+00
1.473320834442443772e+00
1.728930071386025613e+00
1.539987500701759604e+00
1.635072413199306407e+00
1.661615454003276815e+00
1.695210269845143447e+00
1.601035037026788066e+00
1.788262818773773022e+00
1.847800596693978337e+00
1.755209515339640980e+00
1.999042142221395979e+00
1.821095026608163137e+00
1.911205799903281433e+00
1.939046584126774775e+00
1.969513289176003434e+00
1.879787001833046700e+00
2.057291066953783609e+00
2.116824361904540375e+00
2.028741170716137354e+00
2.248930071386011864e+00
2.084539133236606112e+00
2.167761693274821599e+00
2.203356152249522637e+00
2.227151707662641034e+00
2.143120335166369905e+00
2.309654714289573807e+00
2.372726565114360753e+00
2.288542848672953767e+00
2.484250433069009389e+00
2.328405746532618004e+00
2.406654167368408093e+00
2.456353669091684289e+00
2.471814209910780935e+00
2.391035037026764343e+00
2.552597440072361668e+00
2.624288897009494193e+00
2.539987501109081780e+00
2.719999999999999751e+00
2.561854663641099705e+00
2.640182633434903892e+00
2.709991570107016745e+00
2.717021029137579369e+00
2.634079441048124526e+00
2.802222222222222392e+00
2.888888888888888395e+00
2.797904800315287765e+00
1.250000000000000000e+00
1.316482887376114297e+00
1.381111709890038064e+00
1.187777777777777821e+00
1.217777777777777848e+00
1.284074490557478798e+00
1.549300457771028983e+00
1.350741148503710853e+00
1.450746098994379230e+00
1.478152995627938671e+00
1.513177785898407901e+00
1.415187988254014595e+00
1.609775566647571265e+00
1.669541030128221637e+00
1.574503316611759463e+00
1.830042471593300357e+00
1.645744589720748330e+00
1.739486077183395762e+00
1.762721090653559530e+00
1.796468972772768513e+00
1.704373196921478817e+00
1.885666827655970490e+00
1.941913713431781874e+00
1.853609156735043006e+00
2.080042471593296138e+00
1.917081927710725608e+00
2.000415261044060422e+00
2.027469268987340367e+00
2.054555716544851141e+00
1.971720042793474681e+00
2.134246750550544469e+00
2.190498868431322244e+00
2.110275823401702944e+00
2.299300457771019879e+00
2.156152743850050957e+00
2.229077923054073818e+00
2.268429919017099117e+00
2.285331122203107856e+00
2.211039863588133425e+00
2.357622230342843128e+00
2.419264106739027476e+00
2.344503316611740829e+00
2.500000000000000000e+00
2.367412765661032203e+00
2.434074481837040338e+00
2.493333932112248075e+00
2.498705109598320817e+00
2.428521321587333137e+00
2.568888888888888999e+00
2.642222222222222250e+00
2.567407823890800245e+00
1.359999999999999876e+00
1.424798806915374083e+00
1.487769347884808635e+00
1.284444444444444500e+00
1.321111111111111125e+00
1.386849291381142324e+00
1.663764200466825383e+00
1.464571429462202312e+00
1.566078044509020994e+00
1.586488653844499108e+00
1.624670905647785046e+00
1.526226868925130375e+00
1.719462149278124130e+00
1.774761197569872717e+00
1.682340930457511208e+00
1.927874750411728622e+00
1.756962345425434391e+00
1.845119551354280851e+00
1.863293581777791141e+00
1.895990159396787389e+00
1.810034169031842000e+00
1.977101270507902075e+00
2.027738026222228207e+00
1.947647154664866154e+00
2.143764200466820480e+00
2.005119551354275220e+00
2.076962345425433121e+00
2.103650086458760615e+00
2.125017704833668475e+00
2.053367502365171404e+00
2.192448683425561207e+00
2.244266431622263802e+00
2.175674263790835727e+00
2.320000000000000284e+00
2.206078044509012681e+00
2.264571429462201912e+00
2.309991570107024828e+00
2.317021029137584787e+00
2.256226868925122808e+00
2.375555555555555642e+00
2.435555555555555696e+00
2.373515958047800023e+00
1.489999999999999991e+00
1.549502105331249435e+00
1.607265472565959419e+00
1.401111111111111196e+00
1.444444444444444420e+00
1.506149005936727514e+00
1.785274863627420938e+00
1.594584430953577492e+00
1.693307674869225066e+00
1.703674533963386084e+00
1.744239806769718903e+00
1.649708028088034517e+00
1.832391894511923303e+00
1.879775347560088905e+00
1.794678399515337031e+00
2.015274863627420920e+00
1.869800672102659655e+00
1.946467338769328981e+00
1.958664236448981466e+00
1.987947450067472532e+00
1.913676898720261699e+00
2.055350917880833794e+00
2.098118978407823132e+00
2.031345066182001169e+00
2.180000000000000160e+00
2.076641008202555039e+00
2.131251097620246338e+00
2.159487694788182033e+00
2.171724327553463230e+00
2.116374694754698194e+00
2.222222222222222321e+00
2.268888888888889177e+00
2.216149005936721927e+00
1.640000000000000124e+00
1.689730378914220843e+00
1.737933052001880307e+00
1.537777777777777910e+00
1.587777777777777732e+00
1.641350065628697896e+00
1.908401060833587959e+00
1.739610527045287736e+00
1.829448159567227838e+00
1.826573939848268546e+00
1.867762239583443673e+00
1.783391419615663276e+00
1.942206684027892649e+00
1.977685050959375301e+00
1.906559233620828797e+00
2.080000000000000071e+00
1.976114826233890565e+00
2.032943860378624734e+00
2.040155274224106918e+00
2.061952601136438634e+00
2.006724752948996215e+00
2.108888888888889035e+00
2.142222222222222250e+00
2.094683398962029486e+00
1.810000000000000053e+00
1.843335254701898407e+00
1.875763113862963349e+00
1.694444444444444642e+00
1.751111111111111285e+00
1.790876263106379263e+00
2.020000000000000018e+00
1.896541547952243834e+00
1.966541547952247448e+00
1.947985336085189312e+00
1.985557476924114439e+00
1.921707886463158932e+00
2.035555555555555785e+00
2.055555555555555358e+00
2.007542929773043827e+00
2.000000000000000000e+00
2.002222222222222126e+00
2.008888888888888946e+00
1.871111111111111169e+00
1.934444444444444411e+00
1.949937440642786957e+00
